0.306748	0.292308	0.057522	0.029552	0.026210	0.019737	0.024876
0.404908	0.392308	0.070796	0.072554	0.060148	0.051974	0.054726
0.441718	0.453846	0.092920	0.085295	0.058132	0.069737	0.094527	
0.521472	0.530769	0.110619	0.150416	0.107527	0.104605	0.153234
0.582822	0.546154	0.101770	0.183861	0.187500	0.115789	0.131841
0.601227	0.607692	0.123894	0.194302	0.148858	0.167763	0.149254
0.625767	0.600000	0.110619	0.232348	0.176075	0.241447	0.174129	
0.674847	0.653846	0.115044	0.235003	0.181116	0.214474	0.208955
0.711656	0.692308	0.106195	0.307379	0.280914	0.194079	0.259204
0.711656	0.692308	0.123894	0.340294	0.326613	0.238816	0.251741
0.711656	0.692308	0.123894	0.340294	0.326613	0.238816	0.251741
0.730061	0.707692	0.150442	0.399752	0.383065	0.336184	0.263682
0.674847	0.646154	0.141593	0.474429	0.425067	0.409211	0.342289
0.815951	0.792308	0.146018	0.490356	0.417339	0.397368	0.342786
0.809816	0.784615	0.146018	0.579543	0.516465	0.466447	0.390547
0.877301	0.807692	0.176991	0.668908	0.638441	0.573684	0.428358
